sum: 2022-10-08 11:47:40.141401
power: 2022-10-08 11:47:40.141498
sum: 2022-10-08 11:54:01.343929
power: 2022-10-08 11:54:01.344032
